1 # BAU file version number.
Bc 371
Bd -1 全ての親
Bbm 1.000000 0.000000 0.000000 0.000000
 0.000000 1.000000 0.000000 0.000000
 0.000000 0.000000 1.000000 0.000000
 0.000000 0.000000 0.000000 1.000000
Bib 1.000000 -0.000000 0.000000 -0.000000
 -0.000000 1.000000 -0.000000 0.000000
 0.000000 -0.000000 1.000000 -0.000000
 -0.000000 0.000000 -0.000000 1.000000
Bd 0 センター
Bbm 1.000000 0.000000 0.000000 0.000000
 0.000000 1.000000 0.000000 0.738240
 0.000000 0.000000 1.000000 0.000000
 0.000000 0.000000 0.000000 1.000000
Bib 1.000000 -0.000000 0.000000 -0.000000
 -0.000000 1.000000 -0.000000 -0.738240
 0.000000 -0.000000 1.000000 -0.000000
 -0.000000 0.000000 -0.000000 1.000000
Bd 1 グルーブ
Bbm 1.000000 0.000000 0.000000 0.000000
 0.000000 1.000000 0.000000 0.754240
 0.000000 0.000000 1.000000 0.000000
 0.000000 0.000000 0.000000 1.000000
Bib 1.000000 -0.000000 0.000000 -0.000000
 -0.000000 1.000000 -0.000000 -0.754240
 0.000000 -0.000000 1.000000 -0.000000
 -0.000000 0.000000 -0.000000 1.000000
Bd 2 下半身
Bbm 1.000000 0.000000 -0.000000 0.000000
 0.000000 -1.000000 0.000000 1.057362
 -0.000000 0.000000 -1.000000 -0.003199
 0.000000 0.000000 0.000000 1.000000
Bib 1.000000 -0.000000 -0.000000 -0.000000
 -0.000000 -1.000000 -0.000000 1.057362
 -0.000000 -0.000000 -1.000000 -0.003199
 -0.000000 0.000000 0.000000 1.000000
Bd 3 足.L
Bbm 1.000000 0.000000 0.000000 0.057533
 0.000000 -0.999744 -0.022648 0.917250
 -0.000000 0.022648 -0.999744 -0.013759
 0.000000 0.000000 0.000000 1.000000
Bib 1.000000 0.000000 -0.000000 -0.057533
 0.000000 -0.999743 0.022648 0.917327
 0.000000 -0.022648 -0.999743 0.007019
 -0.000000 0.000000 -0.000000 1.000000
Bd 4 ひざ.L
Bbm 1.000000 -0.000000 -0.000000 0.057533
 -0.000000 -0.995504 0.094722 0.515406
 -0.000000 -0.094722 -0.995504 -0.004656
 0.000000 0.000000 0.000000 1.000000
Bib 1.000000 -0.000000 -0.000000 -0.057533
 -0.000000 -0.995504 -0.094722 0.512647
 -0.000000 0.094722 -0.995504 -0.053455
 -0.000000 0.000000 -0.000000 1.000000
Bd 5 足首.L
Bbm 1.000000 -0.000000 0.000000 0.057533
 0.000000 -0.675186 -0.737647 0.130263
 0.000000 0.737647 -0.675186 -0.041302
 0.000000 0.000000 0.000000 1.000000
Bib 1.000000 0.000000 0.000000 -0.057533
 0.000000 -0.675186 0.737647 0.118418
 0.000000 -0.737647 -0.675186 0.068202
 -0.000000 0.000000 -0.000000 1.000000
Bd 6 つま先.L
Bbm -1.000000 0.000000 0.000000 0.057533
 0.000000 -0.000001 1.000000 0.060053
 0.000000 1.000000 0.000001 0.035403
 0.000000 0.000000 0.000000 1.000000
Bib -1.000000 0.000000 0.000000 0.057533
 0.000000 -0.000001 1.000000 -0.035403
 0.000000 1.000000 0.000001 -0.060054
 -0.000000 -0.000000 -0.000000 1.000000
Bd 7 つま先先.L
Bbm 1.000000 0.000000 0.000000 0.057533
 -0.000000 1.000000 -0.000000 0.060053
 -0.000000 0.000000 1.000000 0.124487
 0.000000 0.000000 0.000000 1.000000
Bib 1.000000 -0.000000 -0.000000 -0.057533
 0.000000 1.000000 0.000000 -0.060053
 0.000000 -0.000000 1.000000 -0.124487
 -0.000000 0.000000 -0.000000 1.000000
Bd 6 靴Tongue_00.L
Bbm 1.000000 -0.000000 -0.000000 0.058938
 0.000000 0.953950 0.299966 0.156669
 -0.000000 -0.299966 0.953950 0.004775
 0.000000 0.000000 0.000000 1.000000
Bib 1.000000 0.000000 -0.000000 -0.058938
 -0.000000 0.953950 -0.299966 -0.148022
 -0.000000 0.299966 0.953950 -0.051550
 -0.000000 0.000000 -0.000000 1.000000
Bd 9 靴Tongue_01先.L
Bbm 1.000000 0.000000 -0.000000 0.058938
 0.000000 1.000000 -0.000000 0.188862
 0.000000 0.000000 1.000000 -0.005348
 0.000000 0.000000 0.000000 1.000000
Bib 1.000000 -0.000000 0.000000 -0.058938
 -0.000000 1.000000 0.000000 -0.188862
 -0.000000 0.000000 1.000000 0.005348
 -0.000000 0.000000 -0.000000 1.000000
Bd 6 靴Band_00_00.L
Bbm 0.899586 0.419190 0.122578 0.116430
 0.122578 -0.511714 0.850367 0.097843
 0.419190 -0.749953 -0.511714 -0.007480
 0.000000 0.000000 0.000000 1.000000
Bib 0.899586 0.122578 0.419190 -0.113596
 0.419190 -0.511714 -0.749952 -0.004348
 0.122578 0.850367 -0.511714 -0.101302
 -0.000000 0.000000 -0.000000 1.000000
Bd 11 靴Band_00_01先.L
Bbm 1.000000 -0.000000 -0.000000 0.137841
 0.000000 1.000000 -0.000000 0.071705
 0.000000 0.000000 1.000000 -0.045787
 0.000000 0.000000 0.000000 1.000000
Bib 1.000000 0.000000 0.000000 -0.137841
 -0.000000 1.000000 0.000000 -0.071705
 -0.000000 -0.000000 1.000000 0.045787
 -0.000000 0.000000 -0.000000 1.000000
Bd 6 靴Band_01_00.L
Bbm 0.897850 -0.422638 -0.123461 0.001682
 -0.123461 -0.510812 0.850781 0.097843
 -0.422638 -0.748631 -0.510812 -0.007480
 0.000000 0.000000 0.000000 1.000000
Bib 0.897850 -0.123461 -0.422638 0.007408
 -0.422638 -0.510812 -0.748631 0.045090
 -0.123461 0.850781 -0.510812 -0.086856
 -0.000000 0.000000 -0.000000 1.000000
Bd 13 靴Band_01_01先.L
Bbm 1.000000 0.000000 0.000000 -0.019944
 0.000000 1.000000 -0.000000 0.071705
 -0.000000 -0.000000 1.000000 -0.045787
 0.000000 0.000000 0.000000 1.000000
Bib 1.000000 -0.000000 -0.000000 0.019944
 -0.000000 1.000000 0.000000 -0.071705
 0.000000 0.000000 1.000000 0.045787
 -0.000000 0.000000 -0.000000 1.000000
Bd 6 靴Heel_00.L
Bbm 1.000000 0.000000 -0.000000 0.057533
 0.000000 0.120926 0.992661 0.120881
 0.000000 -0.992661 0.120926 -0.025481
 0.000000 0.000000 0.000000 1.000000
Bib 1.000000 -0.000000 0.000000 -0.057533
 0.000000 0.120926 -0.992662 -0.039911
 -0.000000 0.992662 0.120926 -0.116912
 -0.000000 0.000000 -0.000000 1.000000
Bd 15 靴Heel_01先.L
Bbm 1.000000 0.000000 0.000000 0.057533
 0.000000 0.999999 -0.000001 0.128397
 0.000000 0.000000 1.000000 -0.087183
 0.000000 0.000000 0.000000 1.000000
Bib 1.000000 -0.000000 -0.000000 -0.057533
 -0.000000 1.000001 0.000001 -0.128397
 -0.000000 -0.000000 1.000000 0.087183
 -0.000000 0.000000 -0.000000 1.000000
Bd 5 ひざ_Knee_Root.L
Bbm 1.000000 -0.000000 0.000000 0.057533
 0.000000 1.000000 -0.000002 0.515406
 -0.000000 0.000000 1.000020 0.000427
 0.000000 0.000000 0.000000 1.000000
Bib 1.000000 0.000000 -0.000000 -0.057533
 -0.000000 1.000000 0.000002 -0.515406
 0.000000 -0.000000 0.999980 -0.000427
 -0.000000 0.000000 -0.000000 1.000000
Bd 4 UpLeg_下半身_Root.L
Bbm 1.000000 -0.000000 -0.000000 0.057533
 -0.000000 1.000000 -0.000000 0.917250
 0.000000 0.000000 1.000000 -0.018842
 0.000000 0.000000 0.000000 1.000000
Bib 1.000000 0.000000 0.000000 -0.057533
 0.000000 1.000000 0.000000 -0.917250
 -0.000000 -0.000000 1.000000 0.018842
 -0.000000 0.000000 -0.000000 1.000000
Bd 3 足.R
Bbm 1.000000 0.000000 0.000000 -0.057533
 0.000000 -0.999744 -0.022648 0.917250
 -0.000000 0.022648 -0.999744 -0.013759
 0.000000 0.000000 0.000000 1.000000
Bib 1.000000 0.000000 -0.000000 0.057533
 0.000000 -0.999743 0.022648 0.917326
 0.000000 -0.022648 -0.999743 0.007019
 -0.000000 0.000000 -0.000000 1.000000
Bd 19 ひざ.R
Bbm 1.000000 -0.000000 0.000000 -0.057533
 -0.000000 -0.995504 0.094722 0.515406
 0.000000 -0.094722 -0.995504 -0.004656
 0.000000 0.000000 0.000000 1.000000
Bib 1.000000 -0.000000 0.000000 0.057533
 -0.000000 -0.995504 -0.094722 0.512648
 0.000000 0.094722 -0.995504 -0.053455
 -0.000000 0.000000 -0.000000 1.000000
Bd 20 足首.R
Bbm 1.000000 -0.000000 0.000000 -0.057533
 -0.000000 -0.675186 -0.737648 0.130263
 0.000000 0.737647 -0.675186 -0.041302
 0.000000 0.000000 0.000000 1.000000
Bib 1.000000 -0.000000 0.000000 0.057533
 -0.000000 -0.675186 0.737647 0.118418
 -0.000000 -0.737647 -0.675186 0.068202
 -0.000000 0.000000 -0.000000 1.000000
Bd 21 つま先.R
Bbm -1.000000 -0.000000 -0.000000 -0.057533
 -0.000000 0.000000 1.000000 0.060053
 0.000000 1.000000 -0.000000 0.035403
 0.000000 0.000000 0.000000 1.000000
Bib -1.000000 -0.000000 0.000000 -0.057533
 -0.000000 0.000000 1.000000 -0.035403
 -0.000000 1.000000 -0.000000 -0.060053
 0.000000 0.000000 -0.000000 1.000000
Bd 22 つま先先.R
Bbm 1.000000 0.000000 -0.000000 -0.057533
 -0.000000 1.000000 -0.000000 0.060053
 0.000000 -0.000000 1.000000 0.124488
 0.000000 0.000000 0.000000 1.000000
Bib 1.000000 0.000000 0.000000 0.057533
 0.000000 1.000000 0.000000 -0.060053
 -0.000000 0.000000 1.000000 -0.124488
 -0.000000 -0.000000 -0.000000 1.000000
Bd 21 靴Tongue_00.R
Bbm 1.000000 0.000000 -0.000000 -0.058938
 -0.000000 0.953950 0.299967 0.156669
 0.000000 -0.299967 0.953949 0.004775
 0.000000 0.000000 0.000000 1.000000
Bib 1.000000 -0.000000 0.000000 0.058938
 0.000000 0.953950 -0.299967 -0.148022
 -0.000000 0.299967 0.953950 -0.051551
 -0.000000 0.000000 -0.000000 1.000000
Bd 24 靴Tongue_01先.R
Bbm 1.000000 0.000000 0.000000 -0.058938
 -0.000000 1.000000 -0.000001 0.188862
 0.000000 0.000000 1.000000 -0.005348
 0.000000 0.000000 0.000000 1.000000
Bib 1.000000 -0.000000 -0.000000 0.058938
 0.000000 1.000000 0.000001 -0.188862
 -0.000000 -0.000000 1.000000 0.005348
 -0.000000 0.000000 -0.000000 1.000000
Bd 21 靴Band_00_00.R
Bbm 0.899588 -0.419185 -0.122576 -0.116430
 -0.122576 -0.511714 0.850367 0.097843
 -0.419185 -0.749955 -0.511715 -0.007480
 0.000000 0.000000 0.000000 1.000000
Bib 0.899588 -0.122576 -0.419185 0.113597
 -0.419185 -0.511714 -0.749955 -0.004348
 -0.122576 0.850366 -0.511714 -0.101302
 -0.000000 0.000000 -0.000000 1.000000
Bd 26 靴Band_00_01先.R
Bbm 1.000000 0.000000 0.000000 -0.137841
 -0.000000 1.000000 -0.000000 0.071705
 -0.000000 0.000000 1.000000 -0.045787
 0.000000 0.000000 0.000000 1.000000
Bib 1.000000 -0.000000 -0.000000 0.137841
 0.000000 1.000000 0.000000 -0.071705
 0.000000 -0.000000 1.000000 0.045787
 -0.000000 0.000000 -0.000000 1.000000
Bd 21 靴Band_01_00.R
Bbm 0.897850 0.422638 0.123461 -0.001682
 0.123461 -0.510811 0.850782 0.097843
 0.422638 -0.748632 -0.510811 -0.007480
 0.000000 0.000000 0.000000 1.000000
Bib 0.897850 0.123461 0.422638 -0.007408
 0.422638 -0.510811 -0.748631 0.045090
 0.123461 0.850781 -0.510811 -0.086856
 -0.000000 0.000000 -0.000000 1.000000
Bd 28 靴Band_01_01先.R
Bbm 1.000000 0.000000 -0.000000 0.019944
 0.000000 1.000000 0.000000 0.071705
 -0.000000 -0.000000 1.000000 -0.045787
 0.000000 0.000000 0.000000 1.000000
Bib 1.000000 0.000000 0.000000 -0.019944
 -0.000000 1.000000 -0.000000 -0.071705
 0.000000 0.000000 1.000000 0.045787
 -0.000000 0.000000 -0.000000 1.000000
Bd 21 靴Heel_00.R
Bbm 1.000000 -0.000000 0.000000 -0.057533
 -0.000000 0.120934 0.992660 0.120880
 0.000000 -0.992661 0.120934 -0.025481
 0.000000 0.000000 0.000000 1.000000
Bib 1.000000 -0.000000 -0.000000 0.057533
 0.000000 0.120934 -0.992661 -0.039912
 0.000000 0.992661 0.120934 -0.116911
 -0.000000 0.000000 -0.000000 1.000000
Bd 30 靴Heel_01先.R
Bbm 1.000000 0.000000 -0.000000 -0.057533
 -0.000000 1.000000 -0.000001 0.128397
 0.000000 0.000000 1.000000 -0.087183
 0.000000 0.000000 0.000000 1.000000
Bib 1.000000 -0.000000 0.000000 0.057533
 0.000000 1.000000 0.000001 -0.128397
 -0.000000 -0.000000 1.000000 0.087183
 -0.000000 0.000000 -0.000000 1.000000
Bd 20 ひざ_Knee_Root.R
Bbm 1.000000 -0.000000 0.000000 -0.057533
 -0.000000 1.000000 -0.000002 0.515406
 0.000000 -0.000000 1.000020 0.000427
 0.000000 0.000000 0.000000 1.000000
Bib 1.000000 0.000000 -0.000000 0.057533
 0.000000 1.000000 0.000002 -0.515406
 -0.000000 0.000000 0.999980 -0.000427
 -0.000000 0.000000 -0.000000 1.000000
Bd 19 UpLeg_下半身_Root.R
Bbm 1.000000 -0.000000 -0.000000 -0.057533
 -0.000000 1.000000 -0.000000 0.917250
 0.000000 0.000000 1.000000 -0.018842
 0.000000 0.000000 0.000000 1.000000
Bib 1.000000 0.000000 0.000000 0.057533
 0.000000 1.000000 0.000000 -0.917250
 -0.000000 -0.000000 1.000000 0.018842
 -0.000000 0.000000 -0.000000 1.000000
Bd 3 前Belt_00
Bbm 0.063862 0.985751 0.155618 0.026796
 0.155618 -0.163866 0.974131 0.946559
 0.985751 -0.037993 -0.163865 0.079397
 0.000000 0.000000 0.000000 1.000000
Bib 0.063862 0.155618 0.985751 -0.227279
 0.985751 -0.163866 -0.037993 0.131711
 0.155618 0.974131 -0.163865 -0.913232
 -0.000000 0.000000 -0.000000 1.000000
Bd 34 前Belt_01先
Bbm 1.000000 0.000000 0.000000 0.109089
 0.000000 1.000000 0.000000 0.932879
 -0.000000 0.000000 1.000000 0.076226
 0.000000 0.000000 0.000000 1.000000
Bib 1.000000 -0.000000 -0.000000 -0.109089
 -0.000000 1.000000 -0.000000 -0.932879
 0.000000 -0.000000 1.000000 -0.076226
 -0.000000 0.000000 -0.000000 1.000000
Bd 3 Tail_00
Bbm 0.999871 -0.015370 -0.004666 0.000000
 -0.004666 -0.555872 0.831254 0.988940
 -0.015370 -0.831125 -0.555872 -0.069241
 0.000000 0.000000 0.000000 1.000000
Bib 0.999871 -0.004666 -0.015370 0.003550
 -0.015370 -0.555872 -0.831126 0.492177
 -0.004666 0.831255 -0.555872 -0.860550
 -0.000000 0.000000 -0.000000 1.000000
Bd 36 Tail_01
Bbm 0.997181 0.069945 0.027152 -0.002331
 0.027152 -0.673755 0.738456 0.904649
 0.069945 -0.735637 -0.673755 -0.195272
 0.000000 0.000000 0.000000 1.000000
Bib 0.997181 0.027152 0.069945 -0.008580
 0.069945 -0.673755 -0.735637 0.466025
 0.027152 0.738456 -0.673755 -0.799545
 -0.000000 0.000000 -0.000000 1.000000
Bd 37 Tail_02
Bbm 0.962370 0.249352 0.108022 0.006347
 0.108022 -0.715787 0.689913 0.821058
 0.249352 -0.652282 -0.715787 -0.286540
 0.000000 0.000000 0.000000 1.000000
Bib 0.962370 0.108022 0.249352 -0.023351
 0.249352 -0.715787 -0.652282 0.399215
 0.108022 0.689913 -0.715787 -0.772246
 -0.000000 0.000000 -0.000000 1.000000
Bd 38 Tail_03
Bbm 0.833281 0.502814 0.229827 0.037284
 0.229827 -0.693145 0.683176 0.732252
 0.502814 -0.516458 -0.693145 -0.367467
 0.000000 0.000000 0.000000 1.000000
Bib 0.833281 0.229827 0.502814 -0.014591
 0.502814 -0.693145 -0.516457 0.299029
 0.229827 0.683176 -0.693145 -0.763534
 -0.000000 0.000000 -0.000000 1.000000
Bd 39 Tail_04
Bbm 0.623520 0.684959 0.376901 0.099666
 0.376901 -0.685725 0.622677 0.646255
 0.684959 -0.246198 -0.685725 -0.431543
 0.000000 0.000000 0.000000 1.000000
Bib 0.623520 0.376901 0.684958 -0.010129
 0.684958 -0.685725 -0.246197 0.268641
 0.376901 0.622677 -0.685725 -0.735892
 -0.000000 0.000000 -0.000000 1.000000
Bd 40 Tail_05
Bbm -0.135440 0.842928 0.520700 0.184647
 0.520701 -0.386558 0.761212 0.561179
 0.842928 0.374227 -0.386558 -0.462088
 0.000000 0.000000 0.000000 1.000000
Bib -0.135440 0.520700 0.842928 0.122309
 0.842928 -0.386557 0.374227 0.234210
 0.520700 0.761212 -0.386558 -0.701946
 -0.000000 -0.000000 -0.000000 1.000000
Bd 41 Tail_06
Bbm -0.543505 0.761944 -0.352199 0.289227
 -0.352199 0.173861 0.919635 0.513220
 0.761944 0.623870 0.173862 -0.415658
 0.000000 0.000000 0.000000 1.000000
Bib -0.543505 -0.352199 0.761943 0.654660
 0.761944 0.173861 0.623870 -0.050287
 -0.352199 0.919635 0.173861 -0.297842
 0.000000 0.000000 -0.000000 1.000000
Bd 42 Tail_07
Bbm 1.000000 0.000000 -0.000000 0.383759
 -0.000000 1.000000 0.000000 0.534791
 0.000000 -0.000000 1.000000 -0.338257
 0.000000 0.000000 0.000000 1.000000
Bib 1.000000 0.000000 0.000000 -0.383759
 0.000000 1.000000 -0.000000 -0.534791
 -0.000000 0.000000 1.000000 0.338257
 -0.000000 -0.000000 -0.000000 1.000000
Bd 42 Tail_06錘
Bbm -0.543505 0.761944 -0.352199 0.241961
 -0.352199 0.173861 0.919635 0.502435
 0.761944 0.623870 0.173861 -0.454359
 0.000000 0.000000 0.000000 1.000000
Bib -0.543505 -0.352199 0.761944 0.654660
 0.761944 0.173861 0.623870 0.011747
 -0.352199 0.919635 0.173861 -0.297843
 0.000000 0.000000 -0.000000 1.000000
Bd 41 Tail_05錘
Bbm -0.279005 0.882110 -0.379525 -0.007082
 -0.379525 0.261752 0.887382 0.425295
 0.882110 0.391623 0.261752 -0.547208
 0.000000 0.000000 0.000000 1.000000
Bib -0.279004 -0.379525 0.882110 0.642132
 0.882110 0.261752 0.391623 0.109225
 -0.379525 0.887382 0.261752 -0.236854
 0.000000 0.000000 -0.000000 1.000000
Bd 40 Tail_04錘
Bbm 0.530315 0.774925 -0.343886 -0.131671
 -0.343886 0.567370 0.748220 0.329583
 0.774925 -0.278535 0.567371 -0.348392
 0.000000 0.000000 0.000000 1.000000
Bib 0.530314 -0.343886 0.774925 0.453144
 0.774925 0.567370 -0.278535 -0.182000
 -0.343886 0.748220 0.567370 -0.094213
 -0.000000 0.000000 -0.000000 1.000000
Bd 39 Tail_03錘
Bbm 0.800289 0.561074 -0.211503 -0.169504
 -0.211503 0.594202 0.776010 0.361192
 0.561074 -0.576299 0.594202 -0.155069
 0.000000 0.000000 0.000000 1.000000
Bib 0.800289 -0.211503 0.561074 0.299050
 0.561074 0.594202 -0.576299 -0.208883
 -0.211503 0.776010 0.594202 -0.223997
 -0.000000 0.000000 -0.000000 1.000000
Bd 38 Tail_02錘
Bbm 0.955300 0.277825 -0.101072 -0.108423
 -0.101072 0.628192 0.771466 0.402793
 0.277825 -0.726766 0.628192 0.013689
 0.000000 0.000000 0.000000 1.000000
Bib 0.955300 -0.101072 0.277825 0.140484
 0.277825 0.628192 -0.726765 -0.212961
 -0.101072 0.771466 0.628192 -0.330299
 -0.000000 0.000000 -0.000000 1.000000
Bd 37 Tail_01錘
Bbm 0.996757 0.076508 -0.024961 -0.036810
 -0.024961 0.588784 0.807905 0.488930
 0.076508 -0.804661 0.588784 0.167361
 0.000000 0.000000 0.000000 1.000000
Bib 0.996756 -0.024961 0.076508 0.036091
 0.076508 0.588784 -0.804661 -0.150389
 -0.024961 0.807905 0.588784 -0.494468
 -0.000000 0.000000 -0.000000 1.000000
Bd 36 Tail_00錘
Bbm 0.999859 -0.016278 0.004107 0.009670
 0.004107 0.474353 0.880325 0.554934
 -0.016278 -0.880184 0.474353 0.453640
 0.000000 0.000000 0.000000 1.000000
Bib 0.999859 0.004107 -0.016278 -0.004563
 -0.016278 0.474353 -0.880184 0.136210
 0.004107 0.880325 0.474353 -0.703748
 -0.000000 -0.000000 -0.000000 1.000000
Bd 2 上半身
Bbm 1.000000 0.000000 0.000000 0.000000
 0.000000 0.999749 0.022407 1.061702
 0.000000 -0.022407 0.999749 -0.002888
 0.000000 0.000000 0.000000 1.000000
Bib 1.000000 -0.000000 0.000000 -0.000000
 -0.000000 0.999749 -0.022407 -1.061500
 0.000000 0.022407 0.999749 -0.020903
 -0.000000 0.000000 -0.000000 1.000000
Bd 51 上半身2
Bbm 1.000000 0.000000 0.000000 0.000000
 0.000000 0.986219 0.165443 1.186494
 0.000000 -0.165443 0.986219 -0.005685
 0.000000 0.000000 0.000000 1.000000
Bib 1.000000 -0.000000 0.000000 -0.000000
 -0.000000 0.986220 -0.165443 -1.171084
 0.000000 0.165443 0.986219 -0.190690
 -0.000000 0.000000 -0.000000 1.000000
Bd 52 首
Bbm 1.000000 0.000000 0.000000 0.000000
 0.000000 0.958821 -0.284009 1.320545
 0.000000 0.284009 0.958821 -0.028173
 0.000000 0.000000 0.000000 1.000000
Bib 1.000000 -0.000000 0.000000 -0.000000
 -0.000000 0.958822 0.284010 -1.258166
 0.000000 -0.284010 0.958821 0.402060
 -0.000000 0.000000 -0.000000 1.000000
Bd 53 頭
Bbm 1.000000 0.000000 0.000000 0.000000
 0.000000 1.000000 -0.000000 1.366484
 0.000000 0.000000 1.000000 -0.014565
 0.000000 0.000000 0.000000 1.000000
Bib 1.000000 -0.000000 0.000000 -0.000000
 -0.000000 1.000000 0.000000 -1.366484
 0.000000 -0.000000 1.000000 0.014565
 -0.000000 0.000000 -0.000000 1.000000
Bd 54 両目
Bbm -1.000000 0.000000 -0.000000 0.000000
 -0.000000 -0.000000 1.000000 1.648469
 0.000000 1.000000 -0.000000 -0.003763
 0.000000 0.000000 0.000000 1.000000
Bib -1.000000 -0.000000 -0.000000 0.000000
 0.000000 0.000000 1.000000 0.003763
 -0.000000 1.000000 0.000000 -1.648470
 -0.000000 0.000000 -0.000000 1.000000
Bd 55 両目先
Bbm 1.000000 0.000000 -0.000000 0.000000
 0.000000 1.000000 -0.000000 1.648469
 0.000000 -0.000000 1.000000 0.092158
 0.000000 0.000000 0.000000 1.000000
Bib 1.000000 0.000000 0.000000 -0.000000
 -0.000000 1.000000 0.000000 -1.648470
 -0.000000 0.000000 1.000000 -0.092158
 -0.000000 -0.000000 -0.000000 1.000000
Bd 55 _dummy_目.L
Bbm -0.651623 0.305611 0.694254 0.000000
 0.694254 -0.128463 0.708172 1.648469
 0.305611 0.943451 -0.128462 -0.003763
 0.000000 0.000000 0.000000 1.000000
Bib -0.651623 0.694254 0.305611 -1.143307
 0.305611 -0.128463 0.943450 0.215317
 0.694254 0.708173 -0.128462 -1.167884
 -0.000000 -0.000000 -0.000000 1.000000
Bd 55 _dummy_目.R
Bbm -0.651690 -0.305646 -0.694177 0.000000
 -0.694176 -0.128458 0.708249 1.648469
 -0.305646 0.943440 -0.128457 -0.003763
 0.000000 0.000000 0.000000 1.000000
Bib -0.651690 -0.694177 -0.305646 1.143179
 -0.305645 -0.128458 0.943440 0.215308
 -0.694176 0.708250 -0.128457 -1.168011
 0.000000 0.000000 -0.000000 1.000000
Bd 54 目.L
Bbm -0.651623 0.305611 0.694255 0.012538
 0.694254 -0.128463 0.708172 1.426715
 0.305611 0.943451 -0.128463 -0.036829
 0.000000 0.000000 0.000000 1.000000
Bib -0.651623 0.694255 0.305611 -0.971079
 0.305611 -0.128463 0.943450 0.214194
 0.694255 0.708172 -0.128463 -1.023796
 -0.000000 -0.000000 -0.000000 1.000000
Bd 59 目先.L
Bbm 1.000000 -0.000000 0.000000 0.037659
 -0.000000 1.000000 -0.000000 1.416155
 0.000000 -0.000000 1.000000 0.040725
 0.000000 0.000000 0.000000 1.000000
Bib 1.000000 0.000000 -0.000000 -0.037659
 0.000000 1.000000 0.000000 -1.416155
 -0.000000 0.000000 1.000000 -0.040725
 -0.000000 0.000000 -0.000000 1.000000
Bd 54 目.R
Bbm -0.651690 -0.305645 -0.694177 -0.012539
 -0.694177 -0.128458 0.708249 1.426717
 -0.305645 0.943440 -0.128457 -0.036829
 0.000000 0.000000 0.000000 1.000000
Bib -0.651690 -0.694177 -0.305646 0.970966
 -0.305646 -0.128458 0.943440 0.214186
 -0.694177 0.708250 -0.128458 -1.023907
 0.000000 0.000000 -0.000000 1.000000
Bd 61 目先.R
Bbm 1.000000 0.000000 -0.000000 -0.037664
 -0.000000 0.999999 0.000000 1.416157
 0.000000 -0.000000 1.000000 0.040726
 0.000000 0.000000 0.000000 1.000000
Bib 1.000000 0.000000 0.000000 0.037664
 0.000000 1.000001 -0.000000 -1.416158
 -0.000000 0.000000 1.000000 -0.040726
 -0.000000 -0.000000 -0.000000 1.000000
Bd 54 Earfur_00.L
Bbm -0.239707 0.467631 -0.850801 0.069297
 -0.850801 0.320931 0.416102 1.546772
 0.467631 0.823605 0.320931 0.003058
 0.000000 0.000000 0.000000 1.000000
Bib -0.239707 -0.850801 0.467631 1.331176
 0.467631 0.320931 0.823605 -0.531331
 -0.850801 0.416102 0.320931 -0.585639
 0.000000 0.000000 -0.000000 1.000000
Bd 63 Earfur_01先.L
Bbm 1.000000 0.000000 0.000000 0.079668
 -0.000000 1.000000 0.000000 1.553890
 0.000000 0.000000 1.000000 0.021324
 0.000000 0.000000 0.000000 1.000000
Bib 1.000000 -0.000000 -0.000000 -0.079668
 0.000000 1.000000 -0.000000 -1.553890
 -0.000000 0.000000 1.000000 -0.021324
 -0.000000 0.000000 -0.000000 1.000000
Bd 54 Ear_00.R
Bbm 0.759910 -0.416111 0.499387 -0.065378
 0.499387 0.865513 -0.038727 1.553558
 -0.416111 0.278817 0.865513 -0.012849
 0.000000 0.000000 0.000000 1.000000
Bib 0.759910 0.499387 -0.416111 -0.731492
 -0.416111 0.865513 0.278817 -1.368246
 0.499387 -0.038727 0.865513 0.103935
 -0.000000 0.000000 -0.000000 1.000000
Bd 65 Ear_01.R
Bbm 0.728376 -0.427984 0.535067 -0.075025
 0.535067 0.843080 -0.054022 1.573623
 -0.427984 0.325645 0.843080 -0.006385
 0.000000 0.000000 0.000000 1.000000
Bib 0.728377 0.535067 -0.427984 -0.790081
 -0.427984 0.843081 0.325645 -1.356721
 0.535068 -0.054022 0.843080 0.130537
 -0.000000 0.000000 -0.000000 1.000000
Bd 66 Ear_02先.R
Bbm 1.000000 -0.000000 -0.000000 -0.084943
 -0.000000 1.000000 -0.000000 1.593160
 0.000000 -0.000000 1.000000 0.001161
 0.000000 0.000000 0.000000 1.000000
Bib 1.000000 0.000000 0.000000 0.084943
 0.000000 1.000000 0.000000 -1.593161
 -0.000000 0.000000 1.000000 -0.001161
 -0.000000 -0.000000 -0.000000 1.000000
Bd 54 Earfur_00.R
Bbm -0.238737 -0.467577 0.851103 -0.069297
 0.851103 0.321259 0.415230 1.546767
 -0.467577 0.823507 0.321259 0.003058
 0.000000 0.000000 0.000000 1.000000
Bib -0.238737 0.851103 -0.467577 -1.331572
 -0.467577 0.321260 0.823507 -0.531834
 0.851103 0.415230 0.321259 -0.584268
 -0.000000 -0.000000 -0.000000 1.000000
Bd 68 Earfur_01先.R
Bbm 1.000000 -0.000000 0.000000 -0.079668
 0.000000 1.000000 -0.000000 1.553893
 0.000000 -0.000000 1.000000 0.021324
 0.000000 0.000000 0.000000 1.000000
Bib 1.000000 0.000000 -0.000000 0.079668
 -0.000000 1.000000 0.000000 -1.553893
 -0.000000 0.000000 1.000000 -0.021324
 -0.000000 0.000000 -0.000000 1.000000
Bd 54 前髪_00_00
Bbm 0.459834 -0.332814 -0.823278 -0.000180
 -0.823278 -0.507249 -0.254777 1.547632
 -0.332814 0.794942 -0.507249 0.041468
 0.000000 0.000000 0.000000 1.000000
Bib 0.459834 -0.823279 -0.332814 1.288017
 -0.332814 -0.507249 0.794943 0.752011
 -0.823279 -0.254777 -0.507249 0.415187
 -0.000000 0.000000 -0.000000 1.000000
Bd 70 前髪_00_01
Bbm 0.948972 0.142735 0.281208 -0.011437
 0.281208 -0.786598 -0.549713 1.530476
 0.142735 0.600740 -0.786598 0.068354
 0.000000 0.000000 0.000000 1.000000
Bib 0.948973 0.281208 0.142735 -0.429286
 0.142735 -0.786599 0.600741 1.164441
 0.281208 -0.549713 -0.786599 0.898306
 -0.000000 0.000000 -0.000000 1.000000
Bd 71 前髪_00_02
Bbm 0.389690 0.718093 0.576613 -0.006609
 0.576613 -0.678446 0.455222 1.503872
 0.718094 0.155087 -0.678446 0.088672
 0.000000 0.000000 0.000000 1.000000
Bib 0.389691 0.576613 0.718094 -0.928252
 0.718094 -0.678447 0.155087 1.011291
 0.576614 0.455223 -0.678447 -0.620627
 -0.000000 0.000000 -0.000000 1.000000
Bd 72 前髪_00_03
Bbm 0.395536 0.905843 0.151657 0.017678
 0.151657 -0.227272 0.961949 1.480926
 0.905842 -0.357486 -0.227272 0.093917
 0.000000 0.000000 0.000000 1.000000
Bib 0.395536 0.151657 0.905843 -0.316660
 0.905843 -0.227272 -0.357486 0.354134
 0.151658 0.961950 -0.227272 -1.405913
 -0.000000 0.000000 -0.000000 1.000000
Bd 73 前髪_00_04
Bbm 0.659990 0.751028 -0.019236 0.048315
 -0.019236 0.042490 0.998911 1.473239
 0.751028 -0.658902 0.042490 0.081827
 0.000000 0.000000 0.000000 1.000000
Bib 0.659990 -0.019236 0.751028 -0.065002
 0.751028 0.042490 -0.658902 -0.044968
 -0.019236 0.998912 0.042489 -1.474184
 -0.000000 0.000000 -0.000000 1.000000
Bd 74 前髪_00_05先
Bbm 1.000000 0.000000 0.000000 0.073716
 -0.000000 1.000000 0.000000 1.474676
 -0.000000 0.000000 1.000000 0.059541
 0.000000 0.000000 0.000000 1.000000
Bib 1.000000 -0.000000 -0.000000 -0.073716
 0.000000 1.000000 -0.000000 -1.474677
 0.000000 -0.000000 1.000000 -0.059542
 -0.000000 0.000000 -0.000000 1.000000
Bd 54 前髪_01_00
Bbm 0.681570 0.518713 0.516139 -0.028178
 0.516138 -0.840775 0.163399 1.474597
 0.518713 0.155031 -0.840774 0.077511
 0.000000 0.000000 0.000000 1.000000
Bib 0.681570 0.516138 0.518713 -0.782097
 0.518713 -0.840775 0.155031 1.242404
 0.516139 0.163399 -0.840774 -0.161235
 -0.000000 0.000000 -0.000000 1.000000
Bd 76 前髪_01_01
Bbm 0.515660 0.741033 0.430076 -0.009085
 0.430076 -0.658009 0.618109 1.443650
 0.741033 -0.133769 -0.658009 0.083217
 0.000000 0.000000 0.000000 1.000000
Bib 0.515660 0.430076 0.741033 -0.677861
 0.741033 -0.658009 -0.133769 0.967799
 0.430076 0.618109 -0.658009 -0.833668
 -0.000000 0.000000 -0.000000 1.000000
Bd 77 前髪_01_02先
Bbm 1.000000 0.000000 0.000000 0.018192
 0.000000 1.000000 0.000000 1.419429
 0.000000 -0.000000 1.000000 0.078293
 0.000000 0.000000 0.000000 1.000000
Bib 1.000000 -0.000000 -0.000000 -0.018192
 -0.000000 1.000000 -0.000000 -1.419429
 -0.000000 0.000000 1.000000 -0.078294
 -0.000000 0.000000 -0.000000 1.000000
Bd 77 前髪_01_01錘
Bbm 0.237371 0.944829 0.225730 -0.022723
 0.225730 -0.279659 0.933187 1.431539
 0.944829 -0.170557 -0.279659 0.085679
 0.000000 0.000000 0.000000 1.000000
Bib 0.237371 0.225730 0.944829 -0.398699
 0.944828 -0.279659 -0.170557 0.436425
 0.225730 0.933186 -0.279659 -1.306803
 -0.000000 0.000000 -0.000000 1.000000
Bd 76 前髪_01_00錘
Bbm 0.427621 0.675842 -0.600315 -0.063182
 -0.600315 0.708827 0.370386 1.386912
 0.675842 0.201993 0.708827 0.067049
 0.000000 0.000000 0.000000 1.000000
Bib 0.427621 -0.600315 0.675842 0.814288
 0.675842 0.708827 0.201993 -0.953923
 -0.600315 0.370386 0.708827 -0.599148
 -0.000000 0.000000 -0.000000 1.000000
Bd 54 前髪_02_00
Bbm 0.975688 -0.163674 -0.145755 0.016400
 -0.145755 -0.981240 0.126189 1.474597
 -0.163675 -0.101876 -0.981240 0.081169
 0.000000 0.000000 0.000000 1.000000
Bib 0.975687 -0.145755 -0.163674 0.212213
 -0.163674 -0.981240 -0.101876 1.457888
 -0.145755 0.126189 -0.981240 -0.104041
 -0.000000 0.000000 -0.000000 1.000000
Bd 81 前髪_02_01
Bbm 0.751965 -0.575019 -0.322340 0.010376
 -0.322340 -0.747278 0.581096 1.438479
 -0.575019 -0.333061 -0.747278 0.077419
 0.000000 0.000000 0.000000 1.000000
Bib 0.751964 -0.322340 -0.575019 0.500394
 -0.575018 -0.747278 -0.333061 1.106695
 -0.322340 0.581096 -0.747278 -0.774697
 -0.000000 0.000000 -0.000000 1.000000
Bd 82 前髪_02_02先
Bbm 1.000001 -0.000000 -0.000001 -0.010790
 0.000000 1.000000 0.000000 1.410973
 0.000000 0.000000 1.000000 0.065160
 0.000000 0.000000 0.000000 1.000000
Bib 0.999999 0.000000 0.000001 0.010790
 -0.000000 1.000000 -0.000000 -1.410973
 -0.000000 -0.000000 1.000000 -0.065159
 -0.000000 0.000000 -0.000000 1.000000
Bd 82 前髪_02_01錘
Bbm 0.553171 -0.810269 -0.193562 0.020958
 -0.193562 -0.351001 0.916151 1.424726
 -0.810269 -0.469322 -0.351001 0.083549
 0.000000 0.000000 0.000000 1.000000
Bib 0.553170 -0.193562 -0.810268 0.331876
 -0.810269 -0.351001 -0.469322 0.556273
 -0.193562 0.916151 -0.351001 -1.271881
 -0.000000 0.000000 -0.000000 1.000000
Bd 81 前髪_02_00錘
Bbm 0.947255 -0.246666 0.204610 0.027445
 0.204611 0.956861 0.206278 1.372262
 -0.246668 -0.153532 0.956862 0.088044
 0.000000 0.000000 0.000000 1.000000
Bib 0.947253 0.204611 -0.246665 -0.285060
 -0.246666 0.956861 -0.153532 -1.292777
 0.204612 0.206278 0.956860 -0.372929
 -0.000000 -0.000000 -0.000000 1.000000
Bd 54 横髪_00.L
Bbm 0.345422 0.924862 0.159102 0.090446
 0.159102 -0.224798 0.961328 1.515259
 0.924862 -0.306750 -0.224798 -0.002737
 0.000000 0.000000 0.000000 1.000000
Bib 0.345422 0.159102 0.924862 -0.269792
 0.924862 -0.224798 -0.306750 0.256137
 0.159102 0.961329 -0.224798 -1.471667
 -0.000000 0.000000 -0.000000 1.000000
Bd 86 横髪_01.L
Bbm 0.608885 0.693713 0.384736 0.117295
 0.384736 -0.682398 0.621539 1.508733
 0.693713 -0.230424 -0.682398 -0.011642
 0.000000 0.000000 0.000000 1.000000
Bib 0.608884 0.384736 0.693713 -0.643807
 0.693713 -0.682398 -0.230424 0.945505
 0.384736 0.621539 -0.682398 -0.990809
 -0.000000 0.000000 -0.000000 1.000000
Bd 87 横髪_02先.L
Bbm 1.000000 -0.000000 0.000000 0.137434
 0.000000 1.000000 0.000000 1.488923
 -0.000000 0.000000 1.000000 -0.018331
 0.000000 0.000000 0.000000 1.000000
Bib 1.000000 0.000000 -0.000000 -0.137434
 -0.000000 1.000000 -0.000000 -1.488923
 0.000000 -0.000000 1.000000 0.018332
 -0.000000 0.000000 -0.000000 1.000000
Bd 87 横髪_01錘.L
Bbm 0.368848 0.906158 0.206952 0.107226
 0.206951 -0.297124 0.932142 1.498828
 0.906158 -0.300990 -0.297124 -0.008298
 0.000000 0.000000 0.000000 1.000000
Bib 0.368848 0.206951 0.906158 -0.342215
 0.906158 -0.297125 -0.300990 0.345677
 0.206951 0.932142 -0.297124 -1.421776
 -0.000000 0.000000 -0.000000 1.000000
Bd 86 横髪_00錘.L
Bbm 0.327981 0.938753 -0.105695 0.041222
 -0.105695 0.147646 0.983376 1.496768
 0.938753 -0.311357 0.147647 0.013589
 0.000000 0.000000 0.000000 1.000000
Bib 0.327981 -0.105695 0.938753 0.131924
 0.938753 0.147646 -0.311357 -0.255459
 -0.105695 0.983377 0.147647 -1.469536
 -0.000000 0.000000 -0.000000 1.000000
Bd 54 横髪_00.R
Bbm 0.351939 -0.929054 -0.114008 -0.088731
 -0.114008 -0.163441 0.979943 1.515815
 -0.929054 -0.331883 -0.163441 -0.002687
 0.000000 0.000000 0.000000 1.000000
Bib 0.351939 -0.114008 -0.929054 0.201547
 -0.929054 -0.163441 -0.331882 0.164419
 -0.114008 0.979944 -0.163441 -1.495969
 -0.000000 0.000000 -0.000000 1.000000
Bd 91 横髪_01.R
Bbm 0.571827 -0.731195 -0.371978 -0.115701
 -0.371978 -0.635231 0.676841 1.511071
 -0.731195 -0.248669 -0.635231 -0.012321
 0.000000 0.000000 0.000000 1.000000
Bib 0.571827 -0.371978 -0.731195 0.619237
 -0.731195 -0.635231 -0.248669 0.872215
 -0.371978 0.676842 -0.635231 -1.073621
 -0.000000 0.000000 -0.000000 1.000000
Bd 92 横髪_02先.R
Bbm 1.000000 0.000000 0.000000 -0.136928
 -0.000000 1.000000 -0.000000 1.492630
 -0.000000 -0.000000 1.000000 -0.019540
 0.000000 0.000000 0.000000 1.000000
Bib 1.000000 -0.000000 -0.000000 0.136928
 0.000000 1.000000 0.000000 -1.492630
 0.000000 0.000000 1.000000 0.019540
 -0.000000 0.000000 -0.000000 1.000000
Bd 92 横髪_01錘.R
Bbm 0.363863 -0.913054 -0.184217 -0.105088
 -0.184217 -0.264409 0.946653 1.501850
 -0.913054 -0.310516 -0.264409 -0.008712
 0.000000 0.000000 0.000000 1.000000
Bib 0.363863 -0.184217 -0.913054 0.306950
 -0.913054 -0.264409 -0.310516 0.298447
 -0.184217 0.946653 -0.264409 -1.443394
 -0.000000 0.000000 -0.000000 1.000000
Bd 91 横髪_00錘.R
Bbm 0.343001 -0.936354 0.074780 -0.039284
 0.074780 0.106576 0.991488 1.502373
 -0.936354 -0.334490 0.106576 0.014977
 0.000000 0.000000 0.000000 1.000000
Bib 0.343001 0.074780 -0.936354 -0.084849
 -0.936354 0.106576 -0.334490 -0.191891
 0.074780 0.991489 0.106576 -1.488244
 -0.000000 -0.000000 -0.000000 1.000000
Bd 54 髪_00_00.L
Bbm 0.927707 -0.269249 -0.258570 0.077745
 -0.258568 -0.963066 0.075129 1.440439
 -0.269248 -0.002839 -0.963066 0.042906
 0.000000 0.000000 0.000000 1.000000
Bib 0.927714 -0.258572 -0.269250 0.311884
 -0.269248 -0.963067 -0.002839 1.408294
 -0.258570 0.075129 -0.963067 -0.046794
 -0.000000 0.000000 -0.000000 1.000000
Bd 96 髪_00_01.L
Bbm 0.574148 -0.606782 -0.549694 0.068907
 -0.549695 -0.783249 0.290439 1.408828
 -0.606781 0.135409 -0.783250 0.042813
 0.000000 0.000000 0.000000 1.000000
Bib 0.574154 -0.549698 -0.606783 0.760844
 -0.606784 -0.783249 0.135409 1.139477
 -0.549697 0.290441 -0.783249 -0.337770
 -0.000000 0.000000 -0.000000 1.000000
Bd 97 髪_00_02先.L
Bbm 0.999997 -0.000000 -0.000000 0.049005
 0.000003 0.999999 -0.000001 1.383137
 0.000002 0.000000 1.000000 0.047254
 0.000000 0.000000 0.000000 1.000000
Bib 1.000003 0.000000 0.000000 -0.049005
 -0.000003 1.000001 0.000001 -1.383138
 -0.000002 -0.000000 1.000000 -0.047254
 -0.000000 0.000000 -0.000000 1.000000
Bd 97 髪_00_01錘.L
Bbm -0.013229 -0.899863 -0.435964 0.078859
 -0.435967 -0.387190 0.812413 1.395983
 -0.899865 0.200812 -0.387191 0.040592
 0.000000 0.000000 0.000000 1.000000
Bib -0.013226 -0.435968 -0.899866 0.646174
 -0.899868 -0.387189 0.200814 0.603320
 -0.435968 0.812415 -0.387190 -1.084021
 0.000000 0.000000 -0.000000 1.000000
Bd 96 髪_00_00錘.L
Bbm 0.843338 -0.396627 0.362576 0.093947
 0.362579 0.917968 0.160840 1.350875
 -0.396627 -0.004182 0.917970 0.043077
 0.000000 0.000000 0.000000 1.000000
Bib 0.843343 0.362577 -0.396628 -0.551941
 -0.396632 0.917970 -0.004180 -1.202621
 0.362576 0.160840 0.917970 -0.290881
 -0.000000 -0.000000 -0.000000 1.000000
Bd 54 後髪_06_00.L
Bbm 0.999610 0.019805 0.019676 0.094399
 0.019676 -0.999783 0.006718 1.422757
 0.019805 -0.006328 -0.999784 -0.026007
 0.000000 0.000000 0.000000 1.000000
Bib 0.999610 0.019676 0.019805 -0.121842
 0.019805 -0.999784 -0.006328 1.420416
 0.019676 0.006718 -0.999784 -0.037417
 -0.000000 0.000000 -0.000000 1.000000
Bd 101 後髪_06_01.L
Bbm 0.911981 0.300338 0.279442 0.095031
 0.279442 -0.953510 0.112831 1.390853
 0.300338 -0.024812 -0.953510 -0.026209
 0.000000 0.000000 0.000000 1.000000
Bib 0.911981 0.279442 0.300338 -0.467458
 0.300338 -0.953511 -0.024812 1.297001
 0.279442 0.112831 -0.953510 -0.208478
 -0.000000 0.000000 -0.000000 1.000000
Bd 102 後髪_06_02.L
Bbm 0.514614 0.715569 0.472370 0.104712
 0.472370 -0.696380 0.540297 1.360117
 0.715569 -0.054911 -0.696380 -0.027009
 0.000000 0.000000 0.000000 1.000000
Bib 0.514614 0.472370 0.715569 -0.677039
 0.715569 -0.696381 -0.054911 0.870748
 0.472370 0.540297 -0.696380 -0.803139
 -0.000000 0.000000 -0.000000 1.000000
Bd 103 後髪_06_03先.L
Bbm 1.000000 0.000000 0.000000 0.127779
 0.000000 1.000000 -0.000000 1.337670
 -0.000000 0.000000 1.000000 -0.028779
 0.000000 0.000000 0.000000 1.000000
Bib 1.000000 -0.000000 -0.000000 -0.127778
 -0.000000 1.000000 0.000000 -1.337671
 0.000000 -0.000000 1.000000 0.028779
 -0.000000 0.000000 -0.000000 1.000000
Bd 103 後髪_06_02錘.L
Bbm 0.161081 0.948679 0.272142 0.093179
 0.272142 -0.307748 0.911718 1.348894
 0.948679 -0.072799 -0.307748 -0.026124
 0.000000 0.000000 0.000000 1.000000
Bib 0.161081 0.272142 0.948679 -0.357317
 0.948679 -0.307748 -0.072799 0.324820
 0.272142 0.911718 -0.307748 -1.263209
 -0.000000 0.000000 -0.000000 1.000000
Bd 102 後髪_06_01錘.L
Bbm 0.815353 0.437401 -0.379316 0.077282
 -0.379315 0.898540 0.220782 1.303768
 0.437400 -0.036135 0.898540 -0.024743
 0.000000 0.000000 0.000000 1.000000
Bib 0.815353 -0.379316 0.437401 0.442350
 0.437401 0.898541 -0.036135 -1.206187
 -0.379315 0.220782 0.898541 -0.236302
 -0.000000 0.000000 -0.000000 1.000000
Bd 101 後髪_06_00錘.L
Bbm 0.999275 0.027076 -0.026833 0.092679
 -0.026833 0.999596 0.009378 1.304003
 0.027077 -0.008651 0.999596 -0.025457
 0.000000 0.000000 0.000000 1.000000
Bib 0.999272 -0.026833 0.027076 -0.056932
 0.027076 0.999596 -0.008651 -1.306206
 -0.026834 0.009378 0.999596 0.015705
 -0.000000 0.000000 -0.000000 1.000000
Bd 54 後髪_05_00.L
Bbm 0.997897 -0.046011 -0.045672 0.107158
 -0.045673 -0.998921 0.008432 1.422757
 -0.046011 -0.006328 -0.998921 -0.045178
 0.000000 0.000000 0.000000 1.000000
Bib 0.997895 -0.045672 -0.046011 -0.044030
 -0.046011 -0.998921 -0.006328 1.425867
 -0.045673 0.008432 -0.998921 -0.052232
 -0.000000 0.000000 -0.000000 1.000000
Bd 108 後髪_05_01.L
Bbm 0.982794 0.132792 0.128389 0.105751
 0.128389 -0.990833 0.042018 1.392215
 0.132791 -0.024812 -0.990833 -0.045372
 0.000000 0.000000 0.000000 1.000000
Bib 0.982792 0.128389 0.132792 -0.276651
 0.132791 -0.990834 -0.024812 1.364285
 0.128388 0.042018 -0.990833 -0.117032
 -0.000000 0.000000 -0.000000 1.000000
Bd 109 後髪_05_02.L
Bbm 0.687840 0.573848 0.444495 0.109853
 0.444494 -0.817119 0.367071 1.361612
 0.573848 -0.054911 -0.817119 -0.046138
 0.000000 0.000000 0.000000 1.000000
Bib 0.687839 0.444494 0.573848 -0.654313
 0.573847 -0.817119 -0.054911 1.047028
 0.444494 0.367071 -0.817119 -0.586337
 -0.000000 0.000000 -0.000000 1.000000
Bd 110 後髪_05_03先.L
Bbm 1.000001 0.000000 -0.000001 0.127576
 -0.000000 1.000000 -0.000000 1.336374
 0.000001 0.000000 1.000000 -0.047834
 0.000000 0.000000 0.000000 1.000000
Bib 0.999999 -0.000000 0.000001 -0.127576
 0.000000 1.000000 0.000000 -1.336374
 -0.000001 -0.000000 1.000000 0.047834
 -0.000000 0.000000 -0.000000 1.000000
Bd 110 後髪_05_02錘.L
Bbm 0.254155 0.900046 0.354013 0.100991
 0.354012 -0.427203 0.831969 1.348993
 0.900045 -0.086124 -0.427202 -0.045290
 0.000000 0.000000 0.000000 1.000000
Bib 0.254154 0.354012 0.900045 -0.462464
 0.900044 -0.427203 -0.086124 0.481497
 0.354012 0.831970 -0.427202 -1.177421
 -0.000000 0.000000 -0.000000 1.000000
Bd 109 後髪_05_01錘.L
Bbm 0.960424 0.202672 -0.191082 0.098232
 -0.191082 0.978514 0.077446 1.305506
 0.202673 -0.037869 0.978514 -0.043967
 0.000000 0.000000 0.000000 1.000000
Bib 0.960421 -0.191081 0.202672 0.164025
 0.202672 0.978514 -0.037869 -1.299030
 -0.191082 0.077446 0.978514 -0.039314
 -0.000000 0.000000 -0.000000 1.000000
Bd 108 後髪_05_00錘.L
Bbm 0.996118 -0.062852 0.062188 0.110988
 0.062194 0.997986 0.012560 1.309070
 -0.062868 -0.008645 0.997987 -0.044651
 0.000000 0.000000 0.000000 1.000000
Bib 0.996048 0.062186 -0.062850 -0.194761
 -0.062856 0.997985 -0.008644 -1.299842
 0.062201 0.012562 0.997983 0.021213
 -0.000000 -0.000000 -0.000000 1.000000
Bd 54 後髪_04_00.L
Bbm 0.999329 -0.026106 -0.025706 0.097898
 -0.025706 -0.999546 0.015738 1.412010
 -0.026106 -0.015067 -0.999546 -0.061136
 0.000000 0.000000 0.000000 1.000000
Bib 0.999328 -0.025706 -0.026106 -0.063130
 -0.026106 -0.999546 -0.015067 1.413003
 -0.025707 0.015738 -0.999545 -0.080814
 -0.000000 0.000000 -0.000000 1.000000
Bd 115 後髪_04_01.L
Bbm 0.992538 0.091606 0.080479 0.097173
 0.080479 -0.987973 0.132034 1.384240
 0.091606 -0.124571 -0.987973 -0.061554
 0.000000 0.000000 0.000000 1.000000
Bib 0.992538 0.080479 0.091606 -0.202210
 0.091606 -0.987973 -0.124571 1.351022
 0.080478 0.132034 -0.987973 -0.251400
 -0.000000 0.000000 -0.000000 1.000000
Bd 116 後髪_04_02.L
Bbm 0.787982 0.542621 0.290943 0.099731
 0.290942 -0.744612 0.600753 1.356649
 0.542621 -0.388735 -0.744613 -0.065033
 0.000000 0.000000 0.000000 1.000000
Bib 0.787982 0.290942 0.542621 -0.438004
 0.542620 -0.744613 -0.388735 0.930781
 0.290942 0.600754 -0.744612 -0.892452
 -0.000000 0.000000 -0.000000 1.000000
Bd 117 後髪_04_03先.L
Bbm 1.000000 0.000000 -0.000000 0.114884
 -0.000000 1.000000 -0.000000 1.335854
 -0.000000 -0.000000 1.000000 -0.075889
 0.000000 0.000000 0.000000 1.000000
Bib 1.000000 -0.000000 0.000000 -0.114884
 0.000000 1.000000 0.000000 -1.335855
 0.000000 0.000000 1.000000 0.075889
 -0.000000 0.000000 -0.000000 1.000000
Bd 117 後髪_04_02錘.L
Bbm 0.624441 0.761947 0.171788 0.092154
 0.171788 -0.348530 0.921420 1.346251
 0.761947 -0.545862 -0.348530 -0.059605
 0.000000 0.000000 0.000000 1.000000
Bib 0.624441 0.171788 0.761946 -0.243399
 0.761946 -0.348530 -0.545861 0.366456
 0.171788 0.921421 -0.348529 -1.277069
 -0.000000 0.000000 -0.000000 1.000000
Bd 116 後髪_04_01錘.L
Bbm 0.983690 0.139280 -0.113819 0.092482
 -0.113818 0.971971 0.205712 1.306065
 0.139279 -0.189402 0.971971 -0.055176
 0.000000 0.000000 0.000000 1.000000
Bib 0.983690 -0.113819 0.139280 0.065365
 0.139280 0.971971 -0.189402 -1.292789
 -0.113818 0.205712 0.971972 -0.204517
 -0.000000 0.000000 -0.000000 1.000000
Bd 115 後髪_04_00錘.L
Bbm 0.998757 -0.035682 0.034932 0.099872
